Sample,Assembler Type,Type,Ns,basepairs,contigs,filtered_Ns,filtered_basepairs,filtered_contigs,filtered_mapped_reads,filtered_n50,mapped_reads,max_contig,misassembled contigs,misassembly events,n50
LNN,Metagenomic,Best,0.0,15514698.0,693.0,0.0,13704539.0,139.0,99.68686805587961,239185.0,99.79800262381985,1080013.0,1.0,2.0,220609.0
LNN,Metagenomic,Worst,0.0,13910838.0,6700.0,0.0,13642314.0,261.0,98.8071711080772,108043.0,99.69487724593913,585610.0,2.0,3.0,105808.0
LNN,Genomic,Best,0.0,15606257.0,185.0,0.0,13640340.0,112.0,99.59185535406934,242687.0,99.7139092641346,847534.0,0.0,0.0,242687.0
LNN,Genomic,Worst,0.0,8202941.0,9514.0,0.0,4470092.0,1433.0,91.7664250905952,7385.0,95.10132973879378,59272.0,12.0,23.0,1155.0
ERR2935805,Metagenomic,Best,0.0,27822010.0,6776.0,0.0,18792639.0,603.0,89.502390767225,210993.0,89.92625377951288,768410.0,0.0,0.0,82249.0
ERR2935805,Metagenomic,Worst,0.0,17126362.0,26282.0,0.0,13891328.0,3392.0,88.89602233859438,87983.0,89.40453481544253,542997.0,3.0,7.0,3674.0
ERR2935805,Genomic,Best,0.0,29517365.0,205.0,0.0,19595813.0,144.0,87.47524306302446,256884.0,88.05619365539616,847683.0,0.0,0.0,256884.0
ERR2935805,Genomic,Worst,0.0,8818742.0,36214.0,0.0,5801439.0,4999.0,57.92940845118595,2148.0,78.66255748464859,29155.0,572.0,1148.0,1431.0
LHS,Metagenomic,Best,0.0,14157309.0,767.0,0.0,13672885.0,184.0,97.18295816622955,196786.0,97.28649121627464,917728.0,0.0,0.0,193256.0
LHS,Metagenomic,Worst,0.0,13638386.0,2099.0,0.0,13507672.0,762.0,96.80510565273623,91722.0,97.17088166234576,632213.0,2.0,6.0,90987.0
LHS,Genomic,Best,0.0,16214591.0,36.0,0.0,13315624.0,21.0,96.40605627732344,351027.0,96.9745352495514,847572.0,0.0,0.0,351027.0
LHS,Genomic,Worst,0.0,2957060.0,31040.0,0.0,2950393.0,1526.0,77.08148626483488,69361.0,92.22844099976099,263645.0,5.0,10.0,46478.0
EMS,Metagenomic,Best,0.0,30599129.0,761.0,0.0,30418717.0,365.0,98.64734140057718,208969.0,99.05324938664779,917726.0,1.0,1.0,208969.0
EMS,Metagenomic,Worst,0.0,30408932.0,1829.0,0.0,30145929.0,1254.0,97.29899661212181,63178.0,98.6422137703903,468323.0,13.0,22.0,61704.0
EMS,Genomic,Best,0.0,30664883.0,656.0,0.0,30354786.0,334.0,98.28335364087353,245050.0,98.70005184540622,1303875.0,0.0,0.0,245050.0
EMS,Genomic,Worst,0.0,30249132.0,2628.0,0.0,30064811.0,891.0,97.23735122900929,74138.0,97.9525332826451,632013.0,9.0,18.0,73839.0
ERR2984773,Metagenomic,Best,0.0,32809112.0,5397.0,0.0,30564396.0,761.0,82.83492859046106,149841.0,84.32610786740455,1205839.0,1.0,2.0,102115.0
ERR2984773,Metagenomic,Worst,0.0,48964620.0,61644.0,0.0,32021766.0,2654.0,81.30918759065125,29134.0,83.1443450749858,303329.0,15.0,32.0,20993.0
ERR2984773,Genomic,Best,0.0,30592960.0,895.0,0.0,30432114.0,425.0,81.59809354509034,191424.0,84.20443330213502,882182.0,0.0,0.0,191424.0
ERR2984773,Genomic,Worst,0.0,46535940.0,39819.0,0.0,32500826.0,2049.0,80.50855415445794,77870.0,81.25416655711403,446163.0,9.0,18.0,53292.0
ENN,Metagenomic,Best,0.0,30545419.0,640.0,0.0,30420265.0,359.0,99.38811031611019,238611.0,99.6938445894219,1036942.0,2.0,6.0,238611.0
ENN,Metagenomic,Worst,0.0,30390566.0,1822.0,0.0,30130413.0,1279.0,97.92286563649662,65108.0,99.34027709010994,585610.0,18.0,36.0,63725.0
ENN,Genomic,Best,0.0,30442718.0,936.0,0.0,30276227.0,443.0,98.56125282190423,208953.0,99.4194395141032,850138.0,0.0,0.0,204481.0
ENN,Genomic,Worst,0.0,30110758.0,2322.0,0.0,29835112.0,1726.0,97.42446675485509,43168.0,98.31339077645647,630384.0,10.0,19.0,42115.0
